0,500
0,499
0,498
0,497
0,496
0,495
0,494
0,493
0,492
0,491
0,490
0,489
0,487
0,486
0,485
0,484
0,483
0,482
0,481
0,480
0,479
0,478
0,477
0,476
0,475
0,474
0,473
0,472
0,471
0,470
0,469
0,468
0,467
0,466
0,465
0,464
0,463
0,462
0,461
0,459
0,458
0,457
0,456
0,455
0,454
0,453
0,452
0,451
0,450
0,449
0,448
0,447
0,446
0,445
0,444
0,443
0,442
0,441
0,440
0,439
0,438
0,437
0,436
0,435
2,1
0,434
2,3
0,432
2,0
0,431
1,1
0,430
1,3
0,429
1,0
0,428
4,1
0,427
4,3
0,426
4,0
0,425
0,424
0,423
0,422
0,421
0,420
0,419
0,418
0,417
0,416
0,415
0,414
0,413
0,412
0,411
0,410
0,409
0,405
0,408
0,243
0,9
0,407
0,404
0,403
0,402
0,401
0,400
0,399
0,398
0,397
0,396
0,395
0,394
0,393
0,392
0,391
0,390
0,389
0,388
0,387
0,386
0,385
0,384
0,383
0,382
0,381
0,380
0,379
0,377
0,376
0,375
0,374
0,373
0,372
0,371
0,370
0,369
0,368
0,367
0,366
0,365
0,364
0,363
0,362
0,361
0,360
0,359
0,358
0,357
0,356
0,355
0,354
0,353
0,352
0,351
0,350
0,348
0,347
0,346
0,345
0,344
0,343
0,342
0,341
0,340
0,339
0,338
0,337
0,336
0,335
0,334
0,333
0,332
0,331
0,330
0,329
0,328
0,327
0,325
0,324
0,323
0,322
0,321
0,320
0,319
0,501
0,502
0,504
0,505
0,507
0,508
0,510
0,512
0,513
0,516
0,517
0,519
0,521
0,522
0,524
0,525
0,527
0,528
0,530
0,532
0,533
0,535
0,536
0,538
0,540
0,541
0,544
0,545
0,547
0,548
0,550
0,552
0,553
0,555
0,556
0,558
0,560
0,561
0,563
0,564
0,566
0,567
0,569
0,572
0,573
0,575
0,576
0,578
0,580
0,581
0,583
0,584
0,586
0,588
0,589
0,591
0,592
0,594
0,595
0,597
0,600
0,601
0,603
0,604
0,606
0,608
0,609
0,611
0,612
0,614
0,615
0,617
0,619
0,620
0,622
0,623
0,626
0,628
0,629
0,631
0,632
0,634
0,635
0,637
0,639
0,640
0,642
0,643
0,645
0,647
0,648
0,650
0,651
0,654
0,656
0,657
0,659
0,660
0,661
5,3
5,37
5,1038
0,664
0,665
0,666
0,668
0,670
5,1037
0,672
0,673
0,675
0,676
0,677
0,680
0,681
0,682
0,683
0,684
0,685
0,686
5,1032
0,688
0,690
0,691
0,692
0,694
5,1030
0,696
0,697
0,698
0,700
0,701
0,702
0,703
5,1027
0,705
0,708
0,709
0,710
5,1025
0,712
0,714
0,715
0,716
0,718
5,1004
0,720
0,721
0,722
0,724
5,1002
0,726
0,727
5,1001
0,730
0,731
0,732
0,734
0,736
5,999
0,738
0,740
5,998
5,997
0,742
0,744
5,996
0,746
0,748
5,995
0,750
5,994
0,752
0,754
5,993
0,756
5,992
0,758
0,761
5,991
0,763
0,764
0,765
0,767
5,989
5,988
0,769
0,771
5,987
0,773
0,775
0,776
0,777
0,778
5,985
0,781
0,782
5,984
0,784
0,786
5,983
0,789
0,791
5,982
0,793
0,794
0,796
0,797
0,798
0,800
0,801
0,802
0,803
0,804
0,806
0,807
0,808
0,809
5,977
0,812
0,813
5,976
0,815
0,818
5,975
0,820
0,822
0,823
0,824
0,825
0,827
5,973
0,829
0,831
5,972
0,833
5,971
0,835
0,837
0,838
0,839
0,841
0,842
0,844
0,845
0,847
5,968
0,849
5,967
0,851
0,853
5,966
0,855
0,857
0,858
0,859
0,860
0,862
0,863
0,864
0,866
0,871
0,872
0,873
0,875
0,878
5,962
0,880
0,881
5,961
0,883
0,886
0,888
5,960
0,890
0,892
5,959
0,895
0,896
0,899
5,958
0,901
5,957
0,903
0,906
0,907
0,908
0,909
0,910
0,913
0,914
0,915
0,916
0,918
0,920
0,921
5,952
0,923
0,925
0,927
0,928
0,930
0,931
0,932
0,934
0,936
0,937
5,948
0,939
0,941
5,947
0,943
0,945
0,948
5,946
0,950
0,951
5,945
0,955
5,944
0,957
0,958
5,943
0,962
0,963
0,965
5,942
0,967
0,969
0,970
1,2
5,940
5,939
3,0
3,1
3,3
3,4
3,5
3,6
5,936
5,2
5,935
5,6
5,7
5,9
5,934
5,11
5,13
5,933
5,15
5,16
5,18
5,932
5,20
5,22
5,931
5,24
5,25
5,930
5,28
5,29
5,30
5,31
5,33
5,928
5,35
5,927
5,38
5,926
5,65
5,67
5,925
5,69
5,71
5,924
5,73
5,75
5,923
5,77
5,78
5,922
5,80
5,82
5,84
5,921
5,86
5,87
5,89
5,90
5,91
5,93
5,919
5,95
5,96
5,918
5,99
5,100
5,917
5,102
5,104
5,105
5,106
5,107
5,108
5,110
5,914
5,112
5,114
5,913
5,116
5,117
5,912
5,120
5,121
5,122
5,123
5,125
5,910
5,127
5,129
5,130
5,131
5,132
5,134
5,135
5,136
5,138
5,907
5,140
5,906
5,142
5,144
5,145
5,146
5,147
5,149
5,150
5,151
5,153
5,903
5,155
5,157
5,902
5,159
5,160
5,901
5,162
5,164
5,900
5,166
5,168
5,169
5,170
5,898
5,172
5,174
5,175
5,176
5,177
5,179
5,180
5,832
5,834
5,835
5,837
5,839
5,840
5,842
5,843
5,845
5,847
5,848
5,181
5,850
5,852
5,853
5,855
5,857
5,858
5,860
5,861
5,863
5,865
5,866
5,868
5,869
5,871
5,872
5,874
5,876
5,877
5,879
5,880
5,882
5,884
5,885
5,887
5,888
5,890
5,891
5,893
5,895
5,182
5,184
5,185
5,187
5,189
5,190
5,192
5,193
5,195
5,197
5,198
5,200
5,201
5,203
5,204
5,206
5,208
5,209
5,211
5,212
5,214
5,216
5,217
5,219
5,220
5,222
5,223
5,225
5,227
5,228
5,230
5,231
5,233
5,235
5,236
5,238
5,256
5,258
5,768
5,259
5,771
5,772
5,774
5,775
5,777
5,779
5,780
5,782
5,783
5,785
5,786
5,788
5,260
5,790
5,792
5,793
5,795
5,797
5,798
5,800
5,801
5,803
5,805
5,806
5,808
5,809
5,811
5,812
5,814
5,816
5,817
5,819
5,820
5,822
5,824
5,825
5,827
5,828
5,830
5,831
5,262
5,264
5,265
5,267
5,268
5,270
5,272
5,273
5,275
5,276
5,278
5,279
5,281
5,283
5,284
5,286
5,287
5,289
5,291
5,292
5,294
5,295
5,297
5,299
5,300
5,302
5,303
5,305
5,306
5,308
5,310
5,311
5,313
5,314
5,316
5,705
5,706
5,708
5,709
5,711
5,712
5,714
5,715
5,716
5,718
5,719
5,721
5,723
5,724
5,726
5,727
5,318
5,729
5,731
5,733
5,734
5,736
5,737
5,739
5,741
5,742
5,744
5,745
5,747
5,749
5,750
5,752
5,753
5,755
5,756
5,758
5,760
5,761
5,763
5,764
5,766
5,319
5,320
5,322
5,323
5,325
5,326
5,328
5,330
5,331
5,333
5,334
5,336
5,338
5,339
5,341
5,342
5,344
5,345
5,347
5,349
5,350
5,352
5,353
5,355
5,357
5,358
5,360
5,361
5,363
5,364
5,366
5,368
5,369
5,371
5,372
5,374
5,376
5,377
5,379
5,380
5,382
5,384
5,385
5,387
5,388
5,390
5,391
5,393
5,395
5,396
5,398
5,399
5,401
5,403
5,404
5,406
5,407
5,409
5,640
5,642
5,644
5,645
5,647
5,648
5,650
5,652
5,653
5,654
5,655
5,657
5,658
5,660
5,662
5,663
5,665
5,666
5,668
5,670
5,671
5,673
5,674
5,676
5,678
5,679
5,681
5,682
5,684
5,685
5,687
5,689
5,690
5,692
5,693
5,695
5,697
5,698
5,700
5,701
5,703
5,411
5,413
5,415
5,416
5,418
5,419
5,421
5,423
5,424
5,426
5,427
5,429
5,430
5,432
5,434
5,435
5,437
5,438
5,440
5,442
5,443
5,445
5,446
5,448
5,449
5,451
5,453
5,454
5,456
5,457
5,459
5,461
5,462
5,464
5,465
5,467
5,469
5,470
5,472
5,473
5,475
5,476
5,478
5,480
5,481
5,598
5,483
5,485
5,597
5,487
5,489
5,596
5,491
5,492
5,595
5,495
5,496
5,594
5,498
5,500
5,593
5,502
5,504
5,505
5,507
5,592
5,509
5,511
5,591
5,513
5,514
5,590
5,517
5,518
5,520
5,589
5,522
5,523
5,524
5,587
5,526
5,528
5,586
5,530
5,532
5,533
5,534
5,535
5,537
5,584
5,539
5,541
5,542
5,543
5,544
5,546
5,548
5,582
5,550
5,551
5,553
5,554
5,555
5,557
5,580
5,559
5,560
5,579
5,563
5,564
5,578
5,566
5,568
5,577
5,570
5,572
5,573
5,576
5,575
5,1005
5,1040
5,1041
5,1043
5,1044
5,1046
5,1048
5,1049
5,1051
5,1052
5,1054
5,1056
5,1057
5,1059
5,1060
5,1062
5,1063
5,1065
5,1067
5,1068
5,1070
5,1071
5,1073
5,1075
5,1076
5,1078
5,1079
5,1081
5,1082
5,1084
5,1086
5,1087
5,1089
5,1090
5,1092
5,1094
5,1095
5,1097
5,1098
5,1100
5,1101
5,1103
5,1105
5,1106
5,1108
5,1109
5,1111
5,1113
5,1114
5,1116
5,1117
5,1119
5,1121
5,1122
5,1124
5,1125
5,1127
5,1128
5,1130
5,1132
5,1133
5,1135
5,1136
5,1138
5,1140
5,1141
5,1143
5,1144
5,1146
5,1147
5,1149
5,1151
5,1152
5,1154
5,1155
5,1157
5,1159
5,1160
5,1162
5,1163
5,1165
5,1166
5,1168
5,1170
5,1171
5,1173
5,1174
5,1176
5,1178
5,1179
5,1181
5,1182
5,1184
5,1186
5,1187
5,1189
5,1190
5,1192
5,1193
5,1195
5,1197
5,1198
5,1200
5,1201
5,1203
5,1205
5,1206
5,1208
5,1209
5,1211
5,1212
5,1214
5,1216
5,1217
5,1219
5,1220
5,1222
5,1224
5,1225
5,1227
5,1228
5,1230
5,1231
5,1233
5,1235
5,1236
5,1238
5,1239
5,1241
5,1243
5,1244
5,1246
5,1247
5,1249
5,1250
5,1252
5,1254
5,1255
5,1257
5,1258
5,1260
5,1262
5,1263
5,1265
5,1266
5,1268
5,1270
5,1271
5,1273
5,1274
5,1276
5,1277
5,1279
5,1281
5,1282
5,1284
5,1285
5,1287
5,1289
5,1290
5,1292
5,1293
5,1295
5,1296
5,1298
5,1300
5,1301
5,1303
5,1304
5,1306
5,1308
5,1309
5,1311
5,1312
5,1314
5,1315
5,1317
5,1319
5,1320
5,1322
5,1323
5,1325
5,1327
5,1328
5,1330
5,1331
5,1333
5,1335
5,1336
5,1338
5,1339
5,1341
5,1342
5,1344
5,1346
5,1347
5,1349
5,1350
5,1352
5,1354
5,1355
5,1357
5,1358
5,1360
5,1361
5,1363
5,1365
5,1366
5,1368
5,1369
5,1371
5,1373
5,1374
5,1376
5,1408
5,1410
5,1411
5,1413
5,1415
5,1416
5,1418
5,1419
5,1421
5,1423
5,1424
5,1426
5,1427
5,1429
5,1430
5,1432
5,1434
5,1435
5,1437
5,1438
5,1440
5,1442
5,1443
5,1445
5,1446
5,1448
5,1450
5,1451
5,1453
5,1454
5,1456
5,1457
5,1459
5,1461
5,1462
5,1464
5,1465
5,1467
5,1469
5,1470
5,1472
5,1473
5,1475
5,1476
5,1478
5,1480
5,1481
5,1483
5,1484
5,1486
5,1488
5,1489
5,1491
5,1492
5,1494
5,1495
5,1497
5,1499
5,1500
5,1502
5,1503
5,1505
5,1507
5,1508
5,1510
5,1511
5,1513
5,1515
5,1516
5,1518
5,1519
5,1521
5,1522
5,1524
5,1526
5,1527
5,1529
5,1530
5,1532
5,1534
5,1535
5,1537
5,1538
5,1540
5,1541
5,1543
5,1545
5,1546
5,1548
5,1549
5,1551
5,1553
5,1554
5,1556
5,1557
5,1559
5,1560
5,1562
5,1564
5,1565
5,1567
5,1568
5,1570
5,1572
5,1573
5,1575
5,1576
5,1578
5,1579
5,1581
5,1583
5,1584
5,1586
5,1587
5,1589
5,1591
5,1592
5,1594
5,1595
5,1597
5,1599
5,1600
5,1602
5,1603
5,1605
5,1606
5,1608
5,1610
5,1611
5,1613
5,1614
5,1616
5,1618
5,1619
5,1621
5,1622
5,1624
5,1625
5,1627
5,1629
5,1630
5,1632
5,1633
5,1635
5,1637
5,1638
5,1640
5,1641
5,1643
5,1644
5,1646
5,1648
5,1649
5,1651
5,1652
5,1654
5,1656
5,1657
5,1659
5,1660
5,1662
5,1664
5,1665
5,1667
5,1668
5,1670
5,1671
5,1673
5,1675
5,1676
5,1678
5,1679
5,1681
5,1683
5,1684
5,1686
5,1687
5,1689
5,1690
5,1692
5,1694
5,1695
5,1697
5,1698
5,1700
5,1702
5,1703
5,1705
5,1706
5,1708
5,1709
5,1711
5,1713
5,1714
5,1716
5,1717
5,1719
5,1721
5,1722
5,1724
5,1725
5,1727
5,1729
5,1730
5,1732
5,1733
5,1735
5,1736
5,1738
5,1740
5,1741
5,1743
5,1744
5,1746
5,1748
5,1749
5,1751
5,1752
5,1754
5,1755
5,1757
5,1759
5,1760
5,1762
5,1763
5,1765
5,1767
5,1768
5,1770
5,1771
5,1773
5,1792
5,1794
5,1796
5,1797
5,1799
5,1800
5,1802
5,1804
5,1805
5,1807
5,1808
5,1810
5,1811
5,1813
5,1815
5,1816
5,1818
5,1819
5,1821
5,1823
5,1824
5,1826
5,1827
5,1829
5,1831
5,1832
5,1834
5,1835
5,1837
5,1838
5,1840
5,1842
5,1843
5,1845
5,1846
5,1848
5,1850
5,1851
5,1853
5,1854
5,1856
5,1857
5,1859
5,1861
5,1862
5,1864
5,1865
5,1867
5,1869
5,1870
5,1872
5,1873
5,1875
5,1876
5,1878
5,1880
5,1881
5,1883
5,1884
5,1886
5,1888
5,1889
5,1891
5,1892
5,1894
5,1896
5,1897
5,1899
5,1900
5,1902
5,1903
5,1905
5,1907
5,1908
5,1910
5,1911
5,1913
5,1915
5,1916
5,1918
5,1919
5,1921
5,1922
5,1924
5,1926
5,1927
5,1929
5,1930
5,1932
5,1934
5,1935
5,1937
5,1938
5,1940
6,0
6,2
6,4
6,5
6,7
6,8
6,10
6,12
6,13
6,15
6,16
6,18
6,19
6,21
6,23
6,24
6,26
6,27
6,29
6,31
6,32
6,34
6,35
6,65
6,67
6,68
6,70
6,71
6,73
6,74
6,76
6,78
6,79
6,81
6,82
6,84
6,86
6,87
6,89
6,90
6,92
6,93
6,95
6,97
6,98
6,100
6,101
6,103
6,105
6,106
6,108
6,109
6,111
6,112
6,114
6,116
6,117
6,119
6,120
6,122
6,124
6,125
6,127
6,128
6,130
6,132
6,133
6,135
6,136
6,138
6,139
6,141
6,143
6,144
6,146
6,147
6,149
6,151
6,152
6,154
6,155
6,157
6,158
6,160
6,162
6,163
6,165
6,166
6,168
6,170
6,171
6,173
6,174
6,176
6,177
6,179
6,181
6,182
6,184
6,185
6,187
6,189
6,190
6,192
6,193
6,194
6,195
6,196
6,198
6,410
6,200
6,409
6,202
6,203
6,204
6,407
6,206
6,406
6,209
6,405
6,211
6,404
6,213
6,214
6,403
6,217
6,218
6,219
6,401
6,221
6,222
6,223
6,224
6,225
6,226
6,397
6,396
6,395
6,229
6,394
6,231
6,232
6,392
6,234
6,391
6,236
6,390
6,238
6,389
6,388
6,241
6,387
6,243
6,386
6,246
6,385
6,384
6,248
6,383
6,251
6,382
6,253
6,381
6,255
6,380
6,257
6,258
6,259
6,378
6,261
6,377
6,264
6,376
6,266
6,375
6,268
6,374
6,373
6,271
6,272
6,273
6,274
6,275
6,370
6,277
6,369
6,279
6,368
6,281
6,367
6,284
6,366
6,286
6,365
6,288
6,289
6,290
6,291
6,292
6,293
6,294
6,295
6,296
6,297
6,298
6,299
6,300
6,357
6,302
6,356
6,304
6,355
6,307
6,354
6,309
6,310
6,311
6,312
6,313
6,351
6,315
6,350
6,317
6,349
6,320
6,348
6,322
6,347
6,324
6,346
6,345
6,327
6,344
6,329
6,343
6,331
6,332
6,333
6,334
6,335
6,336
6,337
6,338
6,414
6,415
6,417
6,418
6,420
6,422
6,423
6,425
6,426
6,428
6,430
6,431
6,433
6,434
6,436
6,437
6,439
6,441
6,442
6,444
6,445
6,447
6,449
6,450
6,452
6,453
6,455
6,456
6,458
6,460
6,461
6,463
6,464
6,466
6,468
6,469
6,471
6,472
6,474
6,475
6,477
6,479
6,480
6,482
6,483
6,485
6,487
6,488
6,490
6,491
6,493
6,495
6,496
6,498
6,499
6,501
6,502
6,504
6,506
6,507
6,509
6,510
6,512
6,514
6,515
6,517
6,518
6,520
6,521
6,523
6,525
6,576
6,578
6,579
6,581
6,583
6,584
6,586
6,587
6,589
6,590
6,592
6,594
6,595
6,597
6,598
6,600
6,602
6,603
6,605
6,606
6,608
6,609
6,611
6,613
6,614
6,616
6,617
6,619
6,621
6,622
6,624
6,625
6,627
6,629
6,630
6,632
6,633
6,635
6,636
6,638
6,640
6,641
6,643
6,644
6,646
6,648
6,649
6,651
6,652
6,654
6,655
6,657
6,659
6,660
6,662
6,663
6,665
6,667
6,668
6,670
6,671
6,673
6,674
6,676
6,678
6,679
6,681
6,682
6,684
6,686
6,687
6,689
6,690
6,692
6,694
6,695
6,697
6,698
6,700
6,701
6,703
6,705
6,706
6,708
6,709
6,711
6,713
6,714
6,716
6,717
6,719
6,720
6,722
6,724
6,725
6,727
6,728
6,730
6,732
6,733
6,735
6,736
6,738
6,739
6,741
6,743
6,744
6,746
6,747
6,749
6,751
6,752
6,754
6,755
6,757
6,758
6,760
6,762
6,763
6,765
6,766
6,768
6,770
6,771
6,773
6,774
6,776
6,778
6,779
6,781
6,782
6,784
6,785
6,787
6,789
6,790
6,792
6,793
6,795
6,797
6,798
6,800
6,801
6,803
6,804
6,806
6,808
6,809
6,811
6,812
6,814
6,816
6,817
6,819
6,820
6,822
6,823
6,825
6,827
6,828
6,830
6,831
6,833
6,835
6,836
6,838
6,839
6,841
6,843
6,844
6,846
6,847
6,849
6,850
6,852
6,854
6,855
6,857
6,858
6,860
6,862
6,863
6,865
6,866
6,868
6,869
6,871
6,873
6,874
6,876
6,877
6,879
6,881
6,882
6,884
6,885
6,887
6,888
6,890
6,892
6,893
6,895
6,896
6,898
6,900
6,901
6,903
6,904
6,906
6,908
6,909
6,911
6,912
6,914
6,915
6,917
6,919
6,920
6,922
6,923
6,925
6,927
6,928
6,930
6,931
6,933
6,934
6,936
6,938
6,939
6,941
6,942
6,944
6,946
6,947
6,949
6,950
6,952
6,953
6,955
6,957
6,958
6,960
6,961
6,963
6,965
6,966
6,968
6,969
6,971
6,972
6,974
6,976
6,977
6,979
6,980
6,982
6,984
6,985
6,987
6,988
6,990
6,992
6,993
6,995
6,996
6,998
6,999
6,1001
6,1003
6,1004
6,1024
6,1025
6,1027
6,1029
6,1030
6,1032
6,1033
6,1035
6,1036
6,1038
6,1040
6,1041
6,1043
6,1044
6,1046
6,1048
6,1049
6,1051
6,1052
6,1054
6,1055
6,1057
6,1059
6,1060
6,1062
6,1063
6,1065
6,1067
6,1068
6,1070
6,1071
6,1073
6,1075
6,1076
6,1078
6,1079
6,1081
6,1082
6,1084
6,1086
6,1087
6,1089
6,1090
6,1092
6,1094
6,1095
6,1097
6,1098
6,1100
6,1101
6,1103
6,1105
6,1106
6,1108
6,1109
6,1111
6,1113
6,1114
6,1116
6,1117
6,1119
6,1120
6,1122
6,1124
6,1125
6,1127
6,1128
6,1130
6,1132
6,1133
6,1135
6,1136
6,1138
6,1139
6,1141
6,1143
6,1144
6,1146
6,1147
6,1149
6,1151
6,1152
6,1154
6,1155
6,1157
6,1159
6,1160
6,1162
6,1163
6,1165
6,1166
6,1168
6,1167
6,1164
6,1161
6,1158
6,1156
6,1153
6,1150
6,1148
6,1145
6,1142
6,1140
6,1137
6,1134
6,1131
6,1129
6,1126
6,1123
6,1121
6,1118
6,1115
6,1112
6,1110
6,1107
6,1104
6,1102
6,1099
6,1096
6,1093
6,1091
6,1088
6,1085
6,1083
6,1080
6,1077
6,1074
6,1072
6,1069
6,1066
6,1064
6,1061
6,1058
6,1056
6,1053
6,1050
6,1047
6,1045
6,1042
6,1039
6,1037
6,1034
6,1031
6,1028
6,1026
6,1005
6,1002
6,1000
6,997
6,994
6,991
6,989
6,986
6,983
6,981
6,978
6,975
6,973
6,970
6,967
6,964
6,962
6,959
6,956
6,954
6,951
6,948
6,945
6,943
6,940
6,937
6,935
6,932
6,929
6,926
6,924
6,921
6,918
6,916
6,913
6,910
6,907
6,905
6,902
6,899
6,897
6,894
6,891
6,889
6,886
6,883
6,880
6,878
6,875
6,872
6,870
6,867
6,864
6,861
6,859
6,856
6,853
6,851
6,848
6,845
6,842
6,840
6,837
6,834
6,832
6,829
6,826
6,824
6,821
6,818
6,815
6,813
6,810
6,807
6,805
6,802
6,799
6,796
6,794
6,791
6,788
6,786
6,783
6,780
6,777
6,775
6,772
6,769
6,767
6,764
6,761
6,759
6,756
6,753
6,750
6,748
6,745
6,742
6,740
6,737
6,734
6,731
6,729
6,726
6,723
6,721
6,718
6,715
6,712
6,710
6,707
6,704
6,702
6,699
6,696
6,693
6,691
6,688
6,685
6,683
6,680
6,677
6,675
6,672
6,669
6,666
6,664
6,661
6,658
6,656
6,653
6,650
6,647
6,645
6,642
6,639
6,637
6,634
6,631
6,628
6,626
6,623
6,620
6,618
6,615
6,612
6,610
6,607
6,604
6,601
6,599
6,596
6,593
6,591
6,588
6,585
6,582
6,580
6,577
6,524
6,522
6,519
6,516
6,513
6,511
6,508
6,505
6,503
6,500
6,497
6,494
6,492
6,489
6,486
6,484
6,481
6,478
6,476
6,473
6,470
6,467
6,465
6,462
6,459
6,457
6,454
6,451
6,448
6,446
6,443
6,440
6,438
6,435
6,432
6,429
6,427
6,424
6,421
6,419
6,416
6,413
6,339
6,340
6,341
6,342
6,330
6,328
6,326
6,325
6,323
6,321
6,319
6,318
6,316
6,314
6,352
6,353
6,308
6,306
6,305
6,303
6,301
6,358
6,359
6,360
6,361
6,362
6,363
6,364
6,287
6,285
6,283
6,282
6,280
6,278
6,276
6,371
6,372
6,270
6,269
6,267
6,265
6,263
6,262
6,260
6,379
6,256
6,254
6,252
6,250
6,249
6,247
6,245
6,244
6,242
6,240
6,239
6,237
6,235
6,233
6,393
6,230
6,228
6,227
6,398
6,399
6,400
6,220
6,402
6,216
6,215
6,212
6,210
6,208
6,207
6,205
6,408
6,201
6,199
6,197
6,411
6,412
6,191
6,188
6,186
6,183
6,180
6,178
6,175
6,172
6,169
6,167
6,164
6,161
6,159
6,156
6,153
6,150
6,148
6,145
6,142
6,140
6,137
6,134
6,131
6,129
6,126
6,123
6,121
6,118
6,115
6,113
6,110
6,107
6,104
6,102
6,99
6,96
6,94
6,91
6,88
6,85
6,83
6,80
6,77
6,75
6,72
6,69
6,66
6,64
6,33
6,30
6,28
6,25
6,22
6,20
6,17
6,14
6,11
6,9
6,6
6,3
6,1
5,1939
5,1936
5,1933
5,1931
5,1928
5,1925
5,1923
5,1920
5,1917
5,1914
5,1912
5,1909
5,1906
5,1904
5,1901
5,1898
5,1895
5,1893
5,1890
5,1887
5,1885
5,1882
5,1879
5,1877
5,1874
5,1871
5,1868
5,1866
5,1863
5,1860
5,1858
5,1855
5,1852
5,1849
5,1847
5,1844
5,1841
5,1839
5,1836
5,1833
5,1830
5,1828
5,1825
5,1822
5,1820
5,1817
5,1814
5,1812
5,1809
5,1806
5,1803
5,1801
5,1798
5,1795
5,1793
5,1772
5,1769
5,1766
5,1764
5,1761
5,1758
5,1756
5,1753
5,1750
5,1747
5,1745
5,1742
5,1739
5,1737
5,1734
5,1731
5,1728
5,1726
5,1723
5,1720
5,1718
5,1715
5,1712
5,1710
5,1707
5,1704
5,1701
5,1699
5,1696
5,1693
5,1691
5,1688
5,1685
5,1682
5,1680
5,1677
5,1674
5,1672
5,1669
5,1666
5,1663
5,1661
5,1658
5,1655
5,1653
5,1650
5,1647
5,1645
5,1642
5,1639
5,1636
5,1634
5,1631
5,1628
5,1626
5,1623
5,1620
5,1617
5,1615
5,1612
5,1609
5,1607
5,1604
5,1601
5,1598
5,1596
5,1593
5,1590
5,1588
5,1585
5,1582
5,1580
5,1577
5,1574
5,1571
5,1569
5,1566
5,1563
5,1561
5,1558
5,1555
5,1552
5,1550
5,1547
5,1544
5,1542
5,1539
5,1536
5,1533
5,1531
5,1528
5,1525
5,1523
5,1520
5,1517
5,1514
5,1512
5,1509
5,1506
5,1504
5,1501
5,1498
5,1496
5,1493
5,1490
5,1487
5,1485
5,1482
5,1479
5,1477
5,1474
5,1471
5,1468
5,1466
5,1463
5,1460
5,1458
5,1455
5,1452
5,1449
5,1447
5,1444
5,1441
5,1439
5,1436
5,1433
5,1431
5,1428
5,1425
5,1422
5,1420
5,1417
5,1414
5,1412
5,1409
5,1375
5,1372
5,1370
5,1367
5,1364
5,1362
5,1359
5,1356
5,1353
5,1351
5,1348
5,1345
5,1343
5,1340
5,1337
5,1334
5,1332
5,1329
5,1326
5,1324
5,1321
5,1318
5,1316
5,1313
5,1310
5,1307
5,1305
5,1302
5,1299
5,1297
5,1294
5,1291
5,1288
5,1286
5,1283
5,1280
5,1278
5,1275
5,1272
5,1269
5,1267
5,1264
5,1261
5,1259
5,1256
5,1253
5,1251
5,1248
5,1245
5,1242
5,1240
5,1237
5,1234
5,1232
5,1229
5,1226
5,1223
5,1221
5,1218
5,1215
5,1213
5,1210
5,1207
5,1204
5,1202
5,1199
5,1196
5,1194
5,1191
5,1188
5,1185
5,1183
5,1180
5,1177
5,1175
5,1172
5,1169
5,1167
5,1164
5,1161
5,1158
5,1156
5,1153
5,1150
5,1148
5,1145
5,1142
5,1139
5,1137
5,1134
5,1131
5,1129
5,1126
5,1123
5,1120
5,1118
5,1115
5,1112
5,1110
5,1107
5,1104
5,1102
5,1099
5,1096
5,1093
5,1091
5,1088
5,1085
5,1083
5,1080
5,1077
5,1074
5,1072
5,1069
5,1066
5,1064
5,1061
5,1058
5,1055
5,1053
5,1050
5,1047
5,1045
5,1042
5,1039
5,599
5,574
5,571
5,569
5,567
5,565
5,562
5,561
5,558
5,556
5,581
5,552
5,549
5,547
5,545
5,583
5,540
5,538
5,536
5,585
5,531
5,529
5,527
5,525
5,588
5,521
5,519
5,516
5,515
5,512
5,510
5,508
5,506
5,503
5,501
5,499
5,497
5,494
5,493
5,490
5,488
5,486
5,484
5,482
5,479
5,477
5,474
5,471
5,468
5,466
5,463
5,460
5,458
5,455
5,452
5,450
5,447
5,444
5,441
5,439
5,436
5,433
5,431
5,428
5,425
5,422
5,420
5,417
5,414
5,412
5,702
5,699
5,696
5,694
5,691
5,688
5,686
5,683
5,680
5,677
5,675
5,672
5,669
5,667
5,664
5,661
5,659
5,656
5,410
5,651
5,649
5,646
5,643
5,641
5,408
5,405
5,402
5,400
5,397
5,394
5,392
5,389
5,386
5,383
5,381
5,378
5,375
5,373
5,370
5,367
5,365
5,362
5,359
5,356
5,354
5,351
5,348
5,346
5,343
5,340
5,337
5,335
5,332
5,329
5,327
5,324
5,321
5,767
5,765
5,762
5,759
5,757
5,754
5,751
5,748
5,746
5,743
5,740
5,738
5,735
5,732
5,730
5,728
5,725
5,722
5,720
5,717
5,317
5,713
5,710
5,707
5,704
5,315
5,312
5,309
5,307
5,304
5,301
5,298
5,296
5,293
5,290
5,288
5,285
5,282
5,280
5,277
5,274
5,271
5,269
5,266
5,263
5,261
5,829
5,826
5,823
5,821
5,818
5,815
5,813
5,810
5,807
5,804
5,802
5,799
5,796
5,794
5,791
5,789
5,787
5,784
5,781
5,778
5,776
5,773
5,770
5,769
5,257
5,237
5,234
5,232
5,229
5,226
5,224
5,221
5,218
5,215
5,213
5,210
5,207
5,205
5,202
5,199
5,196
5,194
5,191
5,188
5,186
5,183
5,894
5,892
5,889
5,886
5,883
5,881
5,878
5,875
5,873
5,870
5,867
5,864
5,862
5,859
5,856
5,854
5,851
5,849
5,846
5,844
5,841
5,838
5,836
5,833
5,896
5,178
5,897
5,173
5,171
5,899
5,167
5,165
5,163
5,161
5,158
5,156
5,154
5,152
5,904
5,148
5,905
5,143
5,141
5,139
5,137
5,908
5,133
5,909
5,128
5,126
5,124
5,911
5,119
5,118
5,115
5,113
5,111
5,109
5,915
5,916
5,103
5,101
5,98
5,97
5,94
5,92
5,920
5,88
5,85
5,83
5,81
5,79
5,76
5,74
5,72
5,70
5,68
5,66
5,64
5,36
5,34
5,32
5,929
5,27
5,26
5,23
5,21
5,19
5,17
5,14
5,12
5,10
5,8
5,5
5,4
4,2
5,937
3,2
5,938
2,2
0,971
5,941
0,966
0,964
0,960
0,959
0,956
0,953
0,952
0,949
0,946
0,944
0,942
0,938
5,949
0,935
5,950
0,929
5,951
0,924
0,922
5,953
0,917
5,954
0,911
5,955
5,956
0,904
0,902
0,900
0,897
0,894
0,893
0,889
0,887
0,885
0,882
0,879
0,876
0,874
5,963
0,865
5,964
0,861
5,965
0,856
0,854
0,852
0,850
0,848
0,846
5,969
0,840
5,970
0,836
0,834
0,832
0,830
0,828
0,826
5,974
0,821
0,819
0,817
0,814
0,811
0,810
5,978
0,805
5,979
5,980
0,799
5,981
0,795
0,792
0,790
0,787
0,785
0,783
0,780
0,779
5,986
0,774
0,772
0,770
0,768
0,766
5,990
0,762
0,759
0,757
0,755
0,753
0,751
0,749
0,747
0,745
0,743
0,741
0,739
0,737
0,735
5,1000
0,729
0,728
0,725
0,723
5,1003
0,719
0,717
5,1024
0,713
0,711
5,1026
0,707
0,704
5,1028
0,699
5,1029
0,695
0,693
5,1031
0,689
0,687
5,1033
5,1034
5,1035
0,678
5,1036
0,674
0,671
0,669
0,667
5,1
0,663
0,662
5,0
0,658
0,655
0,653
0,649
0,646
0,644
0,641
0,638
0,636
0,633
0,630
0,627
0,624
0,621
0,618
0,616
0,613
0,610
0,607
0,605
0,602
0,599
0,596
0,593
0,590
0,587
0,585
0,582
0,579
0,577
0,574
0,571
0,568
0,565
0,562
0,559
0,557
0,554
0,551
0,549
0,546
0,543
0,539
0,537
0,534
0,531
0,529
0,526
0,523
0,520
0,518
0,514
0,511
0,509
0,506
0,503
0,310
0,305
0,308
0,304
0,303
0,302
0,307
0,12
0,10
0,8
0,0
0,300
0,299
0,298
0,297
0,296
0,295
0,294
0,293
0,292
0,291
0,290
0,289
0,288
0,287
0,286
0,285
0,284
0,283
0,282
0,281
0,280
0,279
0,278
0,277
0,276
0,275
0,274
0,273
0,272
0,271
0,270
0,269
0,268
0,267
0,266
0,265
0,264
0,263
0,262
0,261
0,260
0,259
0,258
0,257
0,256
0,255
0,254
0,253
0,252
0,251
0,250
0,249
0,248
0,247
0,246
0,245
0,244
0,242
0,241
0,240
0,239
0,238
0,237
0,236
0,235
0,234
0,233
0,232
0,231
0,230
0,229
0,228
0,227
0,226
0,225
0,224
0,223
0,222
0,968
0,221
0,961
0,220
0,954
0,219
0,947
0,218
0,940
0,217
0,933
0,216
0,926
0,215
0,919
0,214
0,912
0,213
0,905
0,212
0,898
0,211
0,891
0,210
0,884
0,209
0,877
0,208
0,870
0,207
0,206
0,869
0,205
0,868
0,204
0,867
0,203
0,843
0,202
0,816
0,201
0,788
0,200
0,760
0,199
0,733
0,198
0,706
0,197
0,679
0,196
0,652
0,195
0,625
0,194
0,598
0,193
0,570
0,192
0,542
0,63
0,515
0,62
0,488
0,61
0,460
0,60
0,433
0,59
0,406
0,58
0,378
0,57
0,349
0,56
0,326
0,55
0,318
0,54
0,317
0,53
0,316
0,52
0,315
0,51
0,314
0,50
0,313
0,49
0,312
0,48
0,311
0,47
0,309
0,46
0,306
0,45
0,301
0,6
0,5
0,1
0,11
0,4
0,2
0,3
0,7
